cmd: ./prueba4
events: Ir
fl=./csu/../csu/libc-start.c
fn=__libc_start_main@@GLIBC_2.34
128 2
134 3
135 7
138 1
139 2
142 3
143 2
144 11
145 4
242 13
311 3
312 3
337 6
340 2
343 2
350 2
352 2
360 4
fl=./csu/../sysdeps/nptl/libc_start_call_main.h
fn=(below main)
29 9
44 3
46 2
51 2
52 2
55 2
58 6
74 2
fl=./csu/./csu/init-first.c
fn=_init_first
46 6
51 2
55 5
61 1
62 1
63 2
71 2
72 3
fl=./ctype/./ctype/ctype-info.c
fn=__ctype_init
29 1
31 7
33 4
35 4
36 1
fl=./debug/../sysdeps/x86_64/multiarch/ifunc-memmove.h
fn=__memcpy_chk
56 2
57 3
60 3
61 2
74 2
77 2
85 2
93 2
96 5
fn=__memmove_chk
56 2
57 3
60 3
61 2
74 2
77 2
85 2
93 2
96 5
fn=__mempcpy_chk
56 2
57 3
60 3
61 2
74 2
77 2
85 2
93 2
96 5
fl=./debug/../sysdeps/x86_64/multiarch/ifunc-memset.h
fn=__memset_chk
54 5
57 3
58 2
64 2
73 2
75 2
85 2
93 2
96 5
fl=./debug/../sysdeps/x86_64/multiarch/memcpy_chk.c
fn=__memcpy_chk
29 1
fl=./debug/../sysdeps/x86_64/multiarch/memmove_chk.c
fn=__memmove_chk
29 1
fl=./debug/../sysdeps/x86_64/multiarch/mempcpy_chk.c
fn=__mempcpy_chk
29 1
fl=./debug/../sysdeps/x86_64/multiarch/memset_chk.c
fn=__memset_chk
29 1
fl=./elf/../bits/stdlib-bsearch.h
fn=intel_check_word.constprop.0
27 96
28 48
29 744
31 648
32 348
35 264
37 120
fl=./elf/../elf/dl-tls.c
fn=_dl_add_to_slotinfo
1017 27
1023 3
1026 3
1027 3
1031 9
1065 6
1068 6
1069 9
1072 18
fn=_dl_allocate_tls_init
523 11
524 2
528 2
531 1
534 2
537 3
549 1
554 27
560 9
563 9
564 6
570 9
571 6
573 24
576 6
577 6
580 6
581 12
583 6
584 6
593 3
601 6
603 30
609 3
615 2
618 2
621 9
fn=_dl_allocate_tls_storage
365 1
369 1
370 1
371 2
374 1
380 2
417 7
419 1
430 1
431 1
432 2
440 6
441 1
445 305
464 1
470 7
fn=_dl_assign_tls_modid
125 12
128 6
141 3
181 3
183 3
186 3
187 6
fn=_dl_count_modids
192 1
194 2
195 1
210 2
fn=_dl_determine_tlsoffset
216 9
217 1
218 1
219 1
222 4
225 2
259 1
261 25
263 9
265 9
266 6
268 6
270 15
281 3
286 24
288 6
289 3
294 3
301 1
302 7
304 2
354 1
355 8
fn=_dl_tls_static_surplus_init
83 3
97 8
100 6
101 5
102 3
104 4
107 1
109 1
111 3
112 6
fl=./elf/../include/list.h
fn=__tls_init_tp
43 2
44 2
45 1
47 1
fl=./elf/../include/rtld-malloc.h
fn=__minimal_calloc
56 17
fn=_dl_allocate_tls_storage
44 2
56 1
fn=_dl_check_map_versions
44 18
fn=_dl_find_object_init
56 2
fn=_dl_important_hwcaps
56 4
fn=_dl_init_paths
56 5
fn=_dl_map_object_deps
56 12
fn=_dl_new_object
44 18
56 15
fn=do_lookup_x
44 13
fn=fillin_rpath.isra.0
50 2
51 1
56 2
fn=init_tls
44 2
fl=./elf/../include/scratch_buffer.h
fn=_dl_map_object_deps
77 2
78 1
85 3
131 20
fl=./elf/../misc/sbrk.c
fn=sbrk
37 6
40 1
58 2
62 2
78 5
fl=./elf/../nptl/nptl-stack.h
fn=__libc_early_init
61 8
fl=./elf/../sysdeps/generic/_itoa.h
fn=_dl_check_map_versions
76 36
fl=./elf/../sysdeps/generic/dl-cache.h
fn=_dl_load_cache_lookup
125 4
194 1
195 5
fl=./elf/../sysdeps/generic/dl-call_tls_init_tp.h
fn=init_tls
31 8
33 1
fl=./elf/../sysdeps/generic/dl-debug.h
fn=dl_main
29 4
30 1
fl=./elf/../sysdeps/generic/dl-hash.h
fn=__rtld_malloc_init_real
43 1
44 1
45 19
48 18
62 24
67 1
72 1
fl=./elf/../sysdeps/generic/dl-new-hash.h
fn=_dl_lookup_symbol_x
69 1884
70 3768
74 40925
77 81850
80 39982
81 79964
87 941
88 941
89 1882
90 941
99 39041
101 39041
102 78082
104 39041
105 39041
fl=./elf/../sysdeps/generic/dl-protected.h
fn=do_lookup_x
29 7472
fl=./elf/../sysdeps/generic/ldsodefs.h
fn=_dl_relocate_object
79 62
140 10305
fn=_dl_start
79 6
fn=do_lookup_x
139 3736
140 5604
fl=./elf/../sysdeps/nptl/dl-mutex.c
fn=__rtld_mutex_init
30 7
37 1
40 7
44 2
45 9
47 6
51 2
52 7
53 6
fl=./elf/../sysdeps/nptl/dl-tls_init_tp.c
fn=__tls_init_tp
68 5
69 1
72 1
75 4
76 2
77 1
82 2
87 4
90 1
93 3
105 4
121 3
128 2
129 3
fn=__tls_pre_init_tp
53 3
56 10
61 2
62 1
64 1
fn=rtld_mutex_dummy
42 178
44 356
fl=./elf/../sysdeps/nptl/pthread_early_init.h
fn=__libc_early_init
33 6
34 1
38 5
45 2
46 1
48 2
52 5
53 1
54 1
56 1
fl=./elf/../sysdeps/posix/dl-fileid.h
fn=_dl_map_object_from_fd
37 20
40 20
49 60
fl=./elf/../sysdeps/unix/sysv/linux/brk.c
fn=brk
36 1
37 1
38 2
44 1
45 1
fl=./elf/../sysdeps/unix/sysv/linux/brk_call.h
fn=brk
24 2
fl=./elf/../sysdeps/unix/sysv/linux/dl-osinfo.h
fn=dl_main
39 2
52 1
fl=./elf/../sysdeps/unix/sysv/linux/dl-parse_auxv.h
fn=_dl_sysdep_parse_arguments
32 2
33 1
34 1
41 93
42 44
43 44
45 1
46 2
47 2
48 2
49 1
51 2
52 2
53 2
54 2
56 2
fl=./elf/../sysdeps/unix/sysv/linux/dl-sysdep.c
fn=_dl_sysdep_parse_arguments
78 7
79 2
80 2
81 3
82 88
83 179
86 2
90 56
93 5
94 2
95 3
96 6
fn=_dl_sysdep_start
102 6
103 1
106 2
110 2
113 1
115 2
122 3
123 2
125 5
137 3
140 5
143 4
fn=_dl_sysdep_start_cleanup
147 1
148 1
fl=./elf/../sysdeps/unix/sysv/linux/dl-vdso-setup.h
fn=dl_main
30 1
33 1
36 1
39 1
45 1
fl=./elf/../sysdeps/unix/sysv/linux/dl-vdso.h
fn=dl_main
40 2
41 5
55 2
fl=./elf/../sysdeps/unix/sysv/linux/rseq-internal.h
fn=__tls_init_tp
32 3
34 7
37 2
40 1
fl=./elf/../sysdeps/unix/sysv/linux/x86/dl-hwcap2.h
fn=update_active.constprop.0
25 2
fl=./elf/../sysdeps/unix/sysv/linux/x86/dl-minsigstacksize.h
fn=get_common_indices.constprop.0
24 2
27 2
28 2
65 3
72 1
74 1
fl=./elf/../sysdeps/x86/cpu-features.c
fn=get_common_indices.constprop.0
398 3
402 4
405 5
409 1
410 4
411 4
412 4
413 3
414 2
421 2
423 9
428 8
435 2
436 7
442 2
457 3
fn=init_cpu_features.constprop.0
376 3
377 2
378 6
383 2
384 6
389 2
390 7
682 8
685 1
686 1
687 1
690 1
699 3
702 6
703 1
706 2
708 6
713 1
715 3
717 9
721 7
774 3
781 2
799 1
832 2
866 4
869 2
870 1
878 2
885 2
887 2
891 2
897 2
899 1
1001 3
1002 2
1005 2
1006 2
1012 1
1013 1
1014 1
1015 2
1019 4
1022 4
1028 3
1041 2
1042 4
1081 1
1082 2
1086 3
1103 2
1104 2
1106 3
1107 2
1109 3
1110 2
1113 2
1127 4
1129 4
1135 4
1142 8
fn=update_active.constprop.0
72 8
76 1
84 3
85 3
86 1
94 4
95 1
103 4
104 1
109 4
112 4
113 1
116 5
117 2
121 5
122 3
123 3
124 2
128 5
129 5
130 3
132 2
133 4
147 2
151 7
152 4
154 3
158 4
161 1
164 2
166 2
170 1
171 1
178 4
180 5
186 4
188 5
190 4
195 5
244 3
245 3
261 4
277 2
281 2
282 1
285 4
289 2
293 3
294 2
296 1
297 1
300 2
302 1
305 2
356 5
360 3
369 1
370 8
fl=./elf/../sysdeps/x86/dl-cacheinfo.h
fn=get_common_cache_info.constprop.0
571 11
586 1
587 1
588 2
589 1
590 2
596 3
598 7
601 2
613 1
618 3
622 2
627 5
630 24
637 8
640 26
645 2
649 3
650 2
654 2
658 3
661 4
662 1
667 4
673 4
681 6
683 2
685 4
687 12
689 1
690 1
691 9
693 4
696 7
701 1
703 4
704 3
705 1
708 2
711 2
718 1
720 4
721 1
726 2
731 2
732 1
733 2
734 1
759 3
770 5
771 5
775 2
782 1
783 2
784 1
785 7
fn=handle_intel.constprop.0
250 108
255 24
261 12
262 12
267 48
271 24
276 24
279 60
281 24
284 60
286 24
305 96
fn=init_cpu_features.constprop.0
792 1
793 1
795 1
809 2
811 3
812 3
813 3
814 2
817 3
819 3
820 2
822 3
824 3
825 1
827 3
829 3
830 2
832 3
834 3
836 3
838 5
894 2
895 2
896 2
897 2
898 2
899 2
900 1
901 1
902 1
903 1
904 1
905 1
907 1
910 3
924 3
925 7
930 2
931 6
932 2
939 3
959 6
968 2
969 2
974 12
987 5
995 7
997 2
1000 5
1002 2
1005 5
1006 5
1010 6
1011 3
1017 7
1020 11
1021 10
1022 13
1025 10
1027 10
1040 4
1042 2
1043 2
1044 1
1045 1
1046 1
1047 1
fn=intel_check_word.constprop.0
110 648
113 324
119 216
123 48
125 12
129 120
131 144
133 60
135 120
143 120
152 12
155 138
158 99
162 58
164 189
167 120
168 72
169 60
170 48
172 11
174 22
176 12
177 16
178 12
179 20
180 14
181 12
183 8
184 12
187 21
190 2
194 192
202 168
216 48
246 144
fl=./elf/../sysdeps/x86/dl-get-cpu-features.c
fn=__x86_cpu_features
39 3
71 3
fn=_dl_x86_init_cpu_features
37 1
39 3
41 1
fl=./elf/../sysdeps/x86/dl-isa-level.h
fn=_dl_load_cache_lookup
28 24
fl=./elf/../sysdeps/x86/dl-procinfo.h
fn=_dl_load_cache_lookup
39 8
42 28
fl=./elf/../sysdeps/x86/dl-prop.h
fn=_dl_map_object_from_fd
149 20
fn=_dl_process_pt_gnu_property
95 36
102 18
115 18
118 9
252 6
253 3
254 12
255 6
257 36
258 3
260 9
fn=dl_main
36 2
37 24
40 10
49 40
53 33
71 2
149 4
235 4
236 2
fl=./elf/../sysdeps/x86/get-isa-level.h
fn=_dl_hwcaps_subdirs_active
30 4
31 1
32 3
36 3
39 4
40 4
45 4
48 2
51 5
53 4
54 2
55 2
58 4
fn=update_active.constprop.0
28 1
30 4
31 1
32 3
36 3
38 1
39 2
40 4
45 4
47 1
48 2
51 5
53 4
54 2
55 2
57 1
58 4
fl=./elf/../sysdeps/x86_64/dl-cet.c
fn=_dl_cet_check
145 2
157 2
173 1
179 1
275 2
276 1
277 2
282 4
283 3
285 2
293 5
296 1
300 2
301 1
302 2
303 2
304 2
305 2
308 1
310 1
313 2
361 8
363 6
fn=_dl_cet_setup_features
331 1
334 2
350 1
fl=./elf/../sysdeps/x86_64/dl-hwcaps-subdirs.c
fn=_dl_hwcaps_subdirs_active
29 1
38 3
43 1
48 1
52 1
fl=./elf/../sysdeps/x86_64/dl-irel.h
fn=_dl_fixup
32 1
fl=./elf/../sysdeps/x86_64/dl-machine.h
fn=_dl_fixup
234 66
fn=_dl_relocate_object
81 30
87 8
91 6
97 2
108 6
129 4
132 4
134 8
267 6904
274 6904
278 6904
287 27995
290 6923
291 136
292 13744
295 6
296 9
307 6
314 15
317 20712
320 46
323 46
346 8
347 12
352 6
354 4
363 4
393 35
400 51
402 68
406 51
415 34
423 9632
436 7
460 6
464 8
465 8
466 10
467 4
476 136
478 68
479 68
498 3060
499 1020
503 2040
504 2040
514 2224
518 2224
521 3336
522 1112
730 14
734 8
fn=_dl_start
55 1
278 9
287 27
290 6
291 12
317 8
323 2
fn=_dl_sysdep_start
220 1
fl=./elf/../sysdeps/x86_64/dl-runtime.h
fn=_dl_fixup
28 66
fl=./elf/../sysdeps/x86_64/dl-trampoline.h
fn=_dl_runtime_resolve_xsave
71 66
76 66
79 66
81 66
91 66
97 66
98 66
99 66
100 66
101 66
102 66
103 66
107 66
108 66
111 66
112 66
114 66
115 66
116 66
117 66
118 66
119 66
121 66
128 66
129 66
130 66
131 66
136 66
137 66
138 66
140 66
141 66
142 66
143 66
144 66
145 66
146 66
148 66
150 66
154 66
156 66
fl=./elf/../sysdeps/x86_64/tls_get_addr.S
fn=__tls_get_addr
29 2
30 2
31 2
33 2
34 2
35 2
38 2
39 2
43 2
44 2
45 2
46 2
fl=./elf/./dl-find_object.h
fn=_dl_find_object_from_map
95 14
96 14
97 7
103 35
104 203
105 140
107 21
112 7
fl=./elf/./dl-hwcaps.h
fn=_dl_important_hwcaps
43 9
45 7
46 1
77 8
78 8
79 7
fl=./elf/./dl-load.h
fn=_dl_map_object_from_fd
91 40
92 16
93 20
94 16
96 16
fl=./elf/./dl-main.h
fn=dl_main
109 5
fl=./elf/./dl-map-segments.h
fn=_dl_map_object_from_fd
28 15
29 45
81 5
101 5
102 15
105 15
106 10
108 10
125 5
135 120
137 60
139 150
149 80
155 10
156 5
157 15
158 10
160 10
165 10
168 15
176 35
182 10
186 16
189 4
194 20
fl=./elf/./dl-sym-post.h
fn=lookup_malloc_symbol
41 8
53 12
fl=./elf/./dl-tunable-types.h
fn=__GI___tunable_set_val
84 5
fl=./elf/./elf/dl-audit.c
fn=_dl_audit_activity_map
29 7
30 1
31 3
37 6
fn=_dl_audit_activity_nsid
41 3
45 12
46 3
47 15
fn=_dl_audit_objclose
97 7
98 28
fn=_dl_audit_objopen
77 5
78 20
fn=_dl_audit_preinit
118 1
119 4
fl=./elf/./elf/dl-cache.c
fn=_dl_cache_libcmp
357 94
358 549
360 741
362 255
368 16
369 12
370 216
372 216
374 8
380 486
382 486
383 129
386 200
387 200
390 59
fn=_dl_load_cache_lookup
191 86
205 4
208 32
210 40
211 8
213 20
220 98
222 255
223 86
227 129
231 129
232 86
240 16
242 8
245 8
247 24
249 4
259 8
269 12
270 16
286 28
295 8
298 8
301 4
302 12
330 8
346 39
347 23
349 16
403 40
405 8
408 12
411 5
419 5
420 8
423 6
424 1
431 1
432 2
477 9
482 12
485 12
500 8
512 12
513 60
514 16
515 4
516 32
fn=_dl_unload_cache
525 3
526 4
528 2
529 1
533 1
535 2
fl=./elf/./elf/dl-call-libc-early-init.c
fn=_dl_call_libc_early_init
27 7
29 2
33 5
37 2
39 4
40 2
41 3
fl=./elf/./elf/dl-call_fini.c
fn=_dl_call_fini
24 56
28 14
32 7
34 7
35 14
38 10
39 15
42 44
43 6
47 7
48 14
49 15
50 37
fl=./elf/./elf/dl-catch.c
fn=_dl_catch_error
254 12
256 2
257 2
258 2
259 2
261 6
fn=_dl_catch_exception
58 39
59 26
69 26
70 65
204 104
207 26
214 13
228 13
229 26
235 78
237 39
239 52
248 39
fn=_dl_receive_error
58 2
59 1
69 2
70 2
186 7
188 1
192 1
194 1
197 1
198 4
fl=./elf/./elf/dl-debug.c
fn=_dl_debug_initialize
56 3
57 1
59 2
61 2
63 3
64 1
85 3
90 3
91 2
92 1
95 3
96 6
99 2
107 2
fn=_dl_debug_state
116 2
117 2
fn=_dl_debug_update
38 6
40 12
41 6
44 12
48 6
fl=./elf/./elf/dl-deps.c
fn=_dl_map_object_deps
128 3
129 5
130 6
132 3
136 8
143 13
144 20
160 9
161 1
164 1
182 1
183 6
184 1
188 15
190 27
193 7
197 21
198 46
201 20
205 10
208 22
210 20
215 5
216 5
217 10
218 10
219 5
221 631
222 298
228 113
230 12
232 48
233 24
242 12
244 24
249 35
252 5
253 5
254 5
255 10
256 5
257 5
259 20
263 36
264 27
266 411
417 14
419 25
422 10
423 20
429 5
430 25
431 25
434 5
435 10
439 21
441 7
442 32
448 5
449 1
452 4
463 5
465 4
470 5
471 1
472 2
474 25
478 7
483 14
485 21
490 7
494 2
495 3
532 2
533 2
547 9
552 9
553 5
557 1
559 2
560 1
561 3
568 3
571 2
574 8
fn=openaux
61 72
64 132
65 12
68 12
69 36
fl=./elf/./elf/dl-environ.c
fn=_dl_next_ld_env_entry
28 3
29 3
32 268
34 176
35 22
37 2
40 4
42 2
45 86
fl=./elf/./elf/dl-find_object.c
fn=_dl_find_object_init
561 5
564 1
566 2
567 3
579 2
580 3
582 2
585 2
590 1
591 1
594 3
596 2
599 6
601 1
604 4
fn=_dlfo_process_initial
474 8
475 2
477 2
478 4
504 24
505 34
506 14
508 52
511 48
513 36
515 12
516 12
517 24
529 2
531 8
fn=_dlfo_sort_mappings
536 1
537 2
540 24
544 10
545 70
546 75
548 5
549 5
553 20
554 25
555 10
557 1
fl=./elf/./elf/dl-fini.c
fn=_dl_fini
26 11
43 1
46 13
49 2
51 1
54 2
56 5
61 1
63 4
68 18
73 25
75 14
77 14
79 14
80 7
81 7
85 7
87 6
88 6
94 6
103 2
108 41
110 7
112 14
114 28
117 14
122 7
126 5
132 6
134 1
138 2
145 8
fl=./elf/./elf/dl-hwcaps.c
fn=_dl_important_hwcaps
52 16
54 2
55 4
56 2
57 2
77 16
80 16
84 2
86 6
87 2
88 2
100 5
102 3
105 1
108 1
112 5
125 12
127 10
128 4
129 4
130 2
133 3
142 13
143 11
145 8
151 5
155 4
156 3
157 3
161 1
162 2
163 2
172 14
174 2
175 3
185 2
186 3
189 3
193 2
194 2
201 1
202 5
208 2
209 1
213 3
216 9
fl=./elf/./elf/dl-hwcaps_split.c
fn=_dl_hwcaps_split
25 5
26 3
27 1
47 4
fn=_dl_hwcaps_split_masked
26 44
30 24
34 78
35 12
36 24
41 36
42 18
43 12
45 6
51 110
55 5
56 18
57 27
58 24
60 6
62 88
67 12
fl=./elf/./elf/dl-init.c
fn=_dl_init
29 16
35 40
37 41
81 13
82 1
83 1
86 3
89 2
94 4
119 1
120 32
121 14
127 8
fn=call_init.part.0
26 84
43 21
46 21
47 2
51 12
59 18
60 24
63 6
64 12
70 15
72 10
73 117
74 92
76 56
fl=./elf/./elf/dl-load.c
fn=_dl_dst_count
238 108
241 24
244 24
245 12
264 108
fn=_dl_init_paths
706 13
720 4
725 1
727 3
734 3
735 2
739 4
741 4
747 1
748 1
756 8
758 8
759 4
761 5
762 7
763 4
766 13
767 10
768 18
770 32
776 1
777 1
782 1
785 3
787 4
789 3
806 1
808 3
822 2
825 5
827 23
831 2
832 60
833 14
834 28
836 1
837 1
838 2
844 6
847 3
853 1
857 8
fn=_dl_map_object
682 43
685 4
688 6
691 2
692 1
696 20
1967 156
1969 5
1975 26
1976 52
1979 272
1984 357
1986 255
1990 86
1991 129
1994 110
1995 66
1996 110
2010 20
2011 15
2019 15
2034 5
2036 25
2040 16
2042 8
2049 16
2053 4
2054 4
2058 15
2059 5
2073 20
2074 28
2075 4
2084 8
2099 8
2100 64
2106 12
2107 4
2115 4
2129 8
2131 12
2135 12
2137 8
2141 8
2149 8
2172 36
2176 12
2177 4
2194 8
2200 1
2201 4
2202 2
2203 2
2207 9
2210 3
2222 20
2267 10
2268 88
2270 122
fn=_dl_map_object_from_fd
944 70
959 20
989 95
990 40
1008 10
1036 20
1046 10
1053 40
1054 10
1065 10
1066 15
1067 10
1069 15
1070 20
1071 8
1074 17
1075 6
1086 5
1088 5
1090 110
1091 5
1092 5
1093 5
1094 5
1100 210
1101 507
1107 10
1114 13
1115 15
1116 50
1121 2
1122 1
1127 155
1135 100
1136 130
1137 100
1138 20
1139 40
1141 140
1143 40
1156 40
1157 75
1162 20
1163 205
1176 9
1180 12
1181 3
1185 15
1186 6
1189 3
1194 12
1209 10
1210 5
1213 15
1218 35
1228 95
1229 40
1235 10
1245 20
1252 35
1264 5
1268 20
1269 15
1275 14
1276 10
1278 10
1288 15
1307 15
1309 30
1361 15
1362 6
1368 170
1369 280
1375 80
1380 20
1393 10
1395 20
1397 10
1413 10
1417 10
1418 10
1435 10
1436 1
1439 10
1444 10
1449 10
1461 40
1462 12
1463 27
1464 9
1465 5
1471 10
1472 12
1477 6
1484 15
1487 10
1491 15
1492 15
1510 10
1514 35
1515 20
1519 45
fn=_dl_process_pt_gnu_property
868 18
869 12
870 6
876 12
882 30
885 18
886 12
887 12
890 18
891 18
895 6
896 12
900 18
901 9
904 18
907 9
908 36
918 18
920 24
fn=expand_dynamic_string_token
241 6
244 4
385 20
399 4
410 14
fn=fillin_rpath.isra.0
468 17
472 1
474 12
481 2
483 6
487 2
492 3
493 2
500 5
505 2
509 15
510 8
528 4
532 4
534 2
538 1
539 2
540 4
541 1
543 2
549 4
550 14
551 4
553 2
554 3
555 1
561 2
562 1
565 3
571 1
574 8
fn=open_path
1812 44
1813 8
1816 4
1817 4
1819 8
1822 8
1824 88
1827 8
1831 4
1835 24
1842 24
1843 88
1846 24
1851 66
1854 12
1860 18
1863 48
1865 18
1867 6
1872 6
1873 21
1879 9
1881 26
1882 2
1884 3
1891 38
1893 13
1937 32
1941 4
1943 16
1946 12
1960 36
fn=open_verify.constprop.0
1572 132
1604 33
1609 12
1623 55
1625 22
1633 5
1634 15
1639 30
1641 10
1643 10
1645 10
1651 10
1668 74
1749 10
1754 10
1760 20
1766 10
1772 20
1773 20
1777 16
1778 5
1799 99
fl=./elf/./elf/dl-lookup-direct.c
fn=_dl_lookup_direct
32 15
33 9
35 6
36 6
48 9
51 6
53 21
57 9
58 21
59 15
74 39
76 6
78 21
79 6
81 12
84 25
86 12
93 6
115 3
116 27
fl=./elf/./elf/dl-lookup.c
fn=_dl_lookup_symbol_x
772 24492
774 3768
775 7536
778 1884
782 7498
785 3768
787 3768
791 26456
792 32028
797 9420
799 96
816 1884
817 48
820 3768
821 13060
828 1932
856 7472
870 5604
871 2
873 3736
890 7472
892 16956
fn=check_match
70 28125
73 15000
78 16
86 9350
89 4268
93 1870
94 3740
96 3734
115 3734
116 14936
117 9320
118 6
119 6
144 6
146 18
147 12
150 2
151 7
153 3
161 1867
162 15000
fn=do_lookup_x
170 300
171 307
172 940
174 98
175 294
176 530
179 152
180 152
181 82
182 152
183 70
222 492
224 738
226 164
227 82
228 328
230 2694
231 486
234 352
235 176
254 352
257 95
258 285
259 322
262 1377
269 12
272 4
279 298
280 276
281 350
285 20
286 2
287 2
288 4
289 8
300 3
302 2
305 1
306 1
307 2
310 164
311 492
318 328
329 574
331 164
333 246
334 164
347 26376
348 1884
353 1884
354 1884
358 12042
361 12042
365 15822
386 12038
390 12038
396 18057
400 6019
401 6019
404 30095
405 18057
408 6019
409 12038
411 6019
412 5652
413 12038
415 13188
416 24076
419 42133
422 3856
423 5784
424 3856
426 3842
429 23910
431 5625
432 47381
433 3750
436 5625
439 8761
461 14936
470 433
472 2
476 3736
483 9856
487 3693
491 1
499 3572
500 1786
501 1868
518 12459
521 16
522 15072
fl=./elf/./elf/dl-minimal-malloc.c
fn=__minimal_calloc
80 85
84 17
87 17
88 51
fn=__minimal_free
97 3
99 12
fn=__minimal_malloc
36 336
37 126
42 3
43 2
44 2
48 167
51 282
56 12
57 12
59 3
60 24
62 6
64 12
65 9
67 8
70 43
71 46
73 252
fl=./elf/./elf/dl-minimal.c
fn=__rtld_malloc_init_real
76 10
86 2
87 1
89 1
91 6
92 5
93 5
94 4
99 1
100 1
101 1
102 1
103 8
fn=__rtld_malloc_init_stubs
42 1
43 2
44 2
45 2
46 2
47 1
fn=lookup_malloc_symbol
61 36
63 4
64 28
68 28
69 28
71 4
72 24
fn=strsep
239 2
242 4
244 2
245 4
247 2
249 47
251 28
254 56
256 84
264 14
267 1
271 4
fl=./elf/./elf/dl-misc.c
fn=_dl_higher_prime_number
87 2
124 2
125 2
127 26
129 80
130 30
131 6
133 7
145 2
146 2
fn=_dl_name_match_p
68 812
69 464
70 20
72 116
74 458
75 665
80 113
82 96
83 464
fn=_dl_sysdep_read_whole_file
36 11
39 3
40 2
42 6
44 2
47 2
49 8
60 3
63 8
fl=./elf/./elf/dl-object.c
fn=_dl_add_to_namespace_list
31 54
33 18
35 53
38 80
40 5
42 5
45 2
46 18
47 12
48 12
50 12
51 30
fn=_dl_new_object
59 90
62 12
64 2
66 3
67 2
71 6
77 2
80 10
83 26
87 10
92 5
95 12
98 6
99 6
100 12
103 12
104 42
106 6
119 28
123 5
125 1
127 42
130 12
131 12
132 6
136 6
139 40
141 20
149 12
150 6
153 1
155 36
157 20
160 14
164 24
168 35
176 1
179 12
189 24
191 20
195 15
199 10
200 10
208 5
212 5
245 20
250 168
251 168
255 10
256 5
259 5
263 54
fl=./elf/./elf/dl-reloc.c
fn=_dl_relocate_object
170 14080
171 6870
174 23178
175 19444
177 1621
178 6482
182 3628
183 1814
184 1814
186 14518
187 9040
188 3616
190 12795
193 1814
194 12698
196 1621
207 88
208 16
220 14
221 21
224 28
226 21
228 7
229 21
251 35
252 14
253 3
255 14
262 21
301 10279
304 35
328 7
331 14
348 21
350 64
356 42
359 14
363 14
364 42
fl=./elf/./elf/dl-runtime.c
fn=_dl_fixup
46 726
48 330
49 198
54 66
55 264
56 462
58 132
63 132
67 132
69 66
71 198
75 198
76 264
77 198
84 66
85 198
95 726
99 330
109 660
124 264
125 2
133 198
159 198
163 528
fl=./elf/./elf/dl-setup_hash.c
fn=_dl_setup_hash
25 14
28 21
31 21
32 14
33 7
34 7
36 21
37 7
38 21
40 7
41 14
43 7
45 21
50 7
fl=./elf/./elf/dl-sort-maps.c
fn=_dl_sort_maps
140 64
181 2
182 4
183 52
184 28
211 34
216 4
218 2
219 10
221 44
223 14
226 40
244 8
263 8
276 8
283 2
298 26
306 6
310 18
fn=_dl_sort_maps_init
289 4
290 4
291 1
292 3
293 2
fn=dfs_traversal.part.0
135 126
140 70
143 14
145 42
147 186
156 49
171 42
172 14
173 90
fl=./elf/./elf/dl-tunables.c
fn=__GI___tunable_set_val
72 50
82 5
93 40
94 25
97 10
100 35
104 10
111 10
112 10
115 25
116 5
117 5
118 5
153 30
157 15
fn=__GI___tunables_init
42 445
45 88
48 10661
52 176
56 352
128 1
261 10
267 4
281 14432
283 2
287 26136
304 8
fn=__tunable_get_val
387 78
390 462
399 50
400 14
409 31
416 234
418 39
fl=./elf/./elf/dl-tunables.h
fn=__GI___tunable_set_val
141 10
142 10
151 5
fn=__GI___tunables_init
160 1796
161 4210
fl=./elf/./elf/dl-version.c
fn=_dl_check_all_versions
392 7
394 1
396 26
397 7
398 63
401 7
fn=_dl_check_map_versions
36 202
37 53
38 337
56 208
64 156
70 156
86 52
87 104
89 52
94 1998
108 1738
110 52
113 416
120 2451
124 817
155 70
156 7
164 12
170 21
172 35
174 7
175 7
177 14
180 15
184 40
198 7
200 36
208 36
213 36
215 40
217 208
218 377
221 104
224 156
225 5
228 26
231 208
234 156
239 40
243 36
248 7
257 30
260 10
263 551
266 412
270 129
274 18
279 6
280 24
281 18
291 6
294 32
296 12
299 20
301 7
303 36
306 156
308 208
310 260
311 104
312 156
313 156
316 156
321 40
324 36
329 7
334 12
337 10
341 129
343 268
347 129
348 645
349 387
350 129
353 402
357 129
365 10
366 10
367 10
368 4
370 4
372 124
373 60
375 2
376 7
387 63
fl=./elf/./elf/do-rel.h
fn=_dl_relocate_object
49 42
50 42
51 7
53 70
72 8
73 9
80 42
83 3352
85 4448
96 12
97 4
114 36
123 3088
124 2040
126 36
129 40
131 14110
133 17570
134 14056
135 10542
136 14056
138 10542
141 272
142 68
143 68
147 3446
150 10361
151 138
164 24
165 285
166 252
169 204
171 272
172 68
173 136
180 31
182 42
183 12
185 18
193 6
196 18
211 7
fn=_dl_start
49 6
50 4
51 1
53 10
56 4
61 13
63 9
64 6
65 3
fl=./elf/./elf/get-dynamic-info.h
fn=_dl_map_object_from_fd
39 10
43 5
45 567
49 276
51 74
52 37
53 6
54 129
55 109
56 25
59 20
62 20
64 20
68 138
72 20
84 17
85 20
86 20
87 20
88 17
89 19
90 19
91 20
103 40
110 16
115 8
122 8
123 15
129 15
130 6
147 15
152 4
154 4
156 4
158 4
159 4
162 15
164 9
165 6
174 6
175 9
180 6
181 6
184 10
fl=./elf/./elf/libc-dl-profstub.c
fn=_dl_mcount_wrapper_check
36 128
37 384
38 128
fl=./elf/./elf/libc_early_init.c
fn=__libc_early_init
33 9
35 1
38 2
41 2
47 4
49 2
fl=./elf/./elf/rtld.c
fn=_dl_start
85 8
458 2
476 3
477 1
478 2
488 1
494 4
496 2
517 16
543 1
546 2
547 4
563 190
565 1
578 1
585 9
fn=dl_main
85 17
92 12
93 2
101 9
197 2
199 1
224 3
225 5
226 4
296 3
302 1
303 1
837 1
839 1
848 1
850 1
855 1
1115 1
1116 1
1118 1
1122 3
1124 1
1125 1
1140 1
1143 46
1144 117
1148 3
1153 3
1154 9
1163 2
1164 2
1166 1
1173 3
1191 2
1199 8
1200 17
1201 8
1202 1
1204 12
1205 14
1209 8
1210 8
1211 4
1215 12
1243 2
1247 3
1253 28
1254 61
1260 17
1266 4
1269 3
1271 3
1346 13
1351 1
1352 1
1357 1
1373 3
1374 4
1637 10
1639 2
1640 3
1641 2
1642 3
1646 2
1647 2
1672 3
1673 5
1674 3
1675 3
1678 1
1680 1
1681 1
1683 2
1684 2
1688 2
1690 2
1698 4
1705 2
1708 2
1733 4
1735 1
1740 2
1743 4
1744 4
1745 3
1746 1
1747 1
1748 1
1759 2
1760 2
1762 2
1764 1
1765 3
1770 5
1771 5
1773 3
1779 2
1788 2
1792 1
1793 2
1817 2
1823 1
1824 1
1825 1
1829 3
1834 3
1836 1
1838 2
1842 5
1847 2
1863 6
1939 4
1943 19
1944 1
1947 3
1948 1
1949 2
1950 2
1955 3
1965 9
1971 31
1972 18
1975 3
1976 2
1977 1
1979 26
1980 12
1984 2
1990 1
1992 3
1993 2
1995 2
1997 3
1999 3
2000 1
2001 2
2013 2
2014 2
2015 3
2026 5
2027 4
2028 5
2038 2
2039 2
2040 4
2042 2
2047 3
2246 3
2250 3
2256 2
2259 2
2267 2
2279 3
2282 3
2284 3
2285 6
2292 2
2293 30
2295 14
2300 14
2302 16
2304 1
2305 1
2308 7
2310 14
2311 48
2315 20
2316 9
2325 2
2329 4
2331 1
2338 4
2341 2
2345 3
2347 2
2357 1
2362 3
2365 1
2371 1
2372 5
2380 3
2387 1
2390 3
2394 3
2395 1
2396 1
2397 1
2401 1
2406 8
2538 1
2598 1
2600 2
2602 15
2604 2
2606 107
2607 19
2615 13
2640 2
2650 4
2652 2
2653 1
2687 5
2689 2
2690 2
2691 1
2727 5
2749 3
fn=handle_preload_list
183 3
806 1
810 2
811 2
812 1
814 1
816 6
817 3
825 3
869 13
870 3
874 5
877 4
878 3
880 4
881 2
887 1
889 2
891 2
892 1
895 9
fn=init_tls
734 4
736 2
740 3
746 2
749 1
750 1
751 1
755 1
757 1
761 2
762 2
763 18
764 7
765 14
769 9
771 3
773 3
776 2
779 1
786 2
787 2
793 2
797 1
800 5
fn=map_doit
641 6
643 4
644 6
646 3
fn=version_check_doit
674 6
676 6
680 3
fl=./elf/./get-dynamic-info.h
fn=_dl_start
45 75
49 36
51 10
52 5
54 20
55 16
56 5
59 4
62 4
64 4
68 18
72 3
84 4
85 3
86 4
87 4
88 5
89 3
90 4
91 4
103 10
110 3
123 3
129 3
130 3
133 2
134 3
139 5
142 5
fn=dl_main
39 4
43 1
45 115
49 56
51 12
52 6
54 25
55 21
56 5
59 4
62 4
64 4
68 28
72 7
84 3
85 5
86 5
87 5
88 4
89 5
90 5
91 5
103 9
110 3
115 2
122 3
123 4
129 3
147 4
152 2
154 2
156 2
158 2
159 2
162 4
164 3
165 2
174 2
175 3
180 2
181 3
184 3
fl=./elf/./setup-vdso.h
fn=dl_main
24 2
fl=./iconv/./iconv/gconv_simple.c
fn=__gconv_btwoc_ascii
49 128
51 512
54 128
fl=./io/../sysdeps/unix/sysv/linux/access.c
fn=access
25 1
27 7
31 1
fl=./io/../sysdeps/unix/sysv/linux/close_nocancel.c
fn=__GI___close_nocancel
25 6
26 24
27 6
fl=./io/../sysdeps/unix/sysv/linux/fstat64.c
fn=fstat
30 7
39 28
72 7
fl=./io/../sysdeps/unix/sysv/linux/fstatat64.c
fn=fstatat
91 6
146 6
160 4
161 11
162 1
fl=./io/../sysdeps/unix/sysv/linux/open64_nocancel.c
fn=__open_nocancel
28 48
31 84
39 102
41 24
fl=./io/../sysdeps/unix/sysv/linux/pread64_nocancel.c
fn=__pread64_nocancel
25 4
26 8
27 2
fl=./io/../sysdeps/unix/sysv/linux/read_nocancel.c
fn=__read_nocancel
25 5
26 20
27 5
fl=./io/../sysdeps/unix/sysv/linux/stat64.c
fn=stat
28 6
29 12
fl=./io/../sysdeps/unix/sysv/linux/write.c
fn=write
25 1
26 6
27 1
fl=./libio/../include/sys/sysmacros.h
fn=_IO_file_doallocate
47 6
fl=./libio/./libio/filedoalloc.c
fn=_IO_file_doallocate
78 11
84 9
86 4
89 2
91 2
94 2
97 4
101 3
102 2
104 4
105 1
106 9
fl=./libio/./libio/fileops.c
fn=_IO_do_write@@GLIBC_2.2.5
424 13
426 10
427 9
434 2
441 4
444 1
449 5
450 5
452 3
453 2
454 1
455 2
456 4
fn=_IO_file_overflow@@GLIBC_2.2.5
732 56
733 28
740 33
743 2
745 2
746 6
755 3
764 3
765 1
766 1
767 1
768 1
769 3
771 3
772 5
773 2
775 14
776 4
777 8
778 10
781 15
782 15
783 20
787 5
788 40
fn=_IO_file_setbuf@@GLIBC_2.2.5
382 6
383 3
386 1
388 3
390 2
391 3
fn=_IO_file_stat
1147 1
1148 2
fn=_IO_file_sync@@GLIBC_2.2.5
793 77
798 44
800 11
801 22
812 22
816 55
fn=_IO_file_write@@GLIBC_2.2.5
1174 8
1175 2
1176 6
1180 3
1181 3
1182 2
1187 1
1188 1
1190 3
1191 3
1194 6
fn=_IO_file_xsputn@@GLIBC_2.2.5
444 2
446 2
1198 27
1200 1
1204 12
1205 3
1211 12
1213 10
1214 4
1217 25
1219 30
1221 1
1228 3
1229 1
1232 3
1234 4
1236 10
1237 2
1238 6
1240 4
1244 12
1250 4
1251 10
1253 6
1264 4
1265 4
1267 3
1268 27
fl=./libio/./libio/genops.c
fn=_IO_cleanup
776 6
777 10
780 13
784 3
785 36
792 7
794 6
796 4
798 2
800 3
801 1
805 5
807 3
814 3
816 30
817 3
821 7
822 2
842 12
843 2
855 12
fn=_IO_default_setbuf
330 5
332 1
333 1
337 2
452 10
453 5
455 4
457 3
458 2
462 1
466 4
467 1
468 6
fn=_IO_default_xsputn
371 11
373 2
374 4
375 1
379 24
399 52
401 5
404 8
fn=_IO_doallocbuf
343 8
344 2
346 3
347 5
350 6
fn=_IO_flush_all
686 12
687 3
691 6
692 9
695 12
697 3
698 36
700 21
708 33
709 3
713 7
714 2
718 12
fn=_IO_setb
329 11
330 4
332 1
333 1
335 6
338 6
fl=./libio/./libio/iofflush.c
fn=fflush
32 60
33 20
39 120
40 50
44 50
fl=./libio/./libio/iofwrite.c
fn=fwrite
31 27
32 6
35 18
37 42
38 14
39 21
45 12
46 3
49 27
fl=./libio/./libio/libioP.h
fn=_IO_cleanup
1025 3
1026 2
fn=_IO_default_setbuf
1025 3
1026 2
fn=_IO_default_xsputn
1025 11
1026 10
fn=_IO_do_write@@GLIBC_2.2.5
1025 3
1026 2
fn=_IO_doallocbuf
1025 3
1026 2
fn=_IO_file_doallocate
1025 3
1026 2
fn=_IO_file_xsputn@@GLIBC_2.2.5
1025 6
1026 4
fn=_IO_flush_all
1025 2
fn=fflush
979 20
980 80
1025 30
1026 20
fn=fwrite
979 6
980 27
1025 6
1026 6
fl=./libio/./libio/vtables.c
fn=check_stdfiles_vtables
545 1
546 4
547 3
548 3
550 1
fl=./locale/./locale/newlocale.c
fn=newlocale
43 15
55 2
56 1
63 2
66 3
73 4
75 1
277 12
fl=./locale/./locale/uselocale.c
fn=uselocale
30 2
31 6
33 4
36 4
37 2
65 6
66 6
68 6
72 6
73 2
fl=./malloc/../string/bits/string_fortified.h
fn=tcache_init.part.0
59 88
fl=./malloc/../sysdeps/unix/sysv/linux/not-cancel.h
fn=ptmalloc_init.part.0
97 6
fl=./malloc/./malloc/arena.c
fn=malloc
153 4
264 1
fn=ptmalloc_init.part.0
262 8
267 1
292 2
296 3
300 4
301 4
302 4
303 4
304 4
305 4
306 4
308 4
309 4
310 4
313 4
314 4
316 2
326 8
fl=./malloc/./malloc/malloc.c
fn=_int_malloc
1326 6
1345 18
1794 3
2008 8
2017 2
2552 6
2553 1
2564 2
2589 4
2590 2
2599 4
2608 3
2669 3
2677 2
2678 3
2691 3
2693 1
2699 5
2707 2
2709 4
2710 3
2711 1
2712 1
2715 2
2744 3
2745 1
2746 2
2752 8
2755 4
2782 2
2783 1
2795 3
2814 2
2817 2
2818 6
2820 1
2821 6
2833 5
2873 1
2875 1
2876 5
2877 1
2888 3
2921 3
2922 1
2926 1
2930 5
2932 1
2933 1
2934 1
2935 7
2936 2
2938 1
3846 33
3882 1
3887 6
3914 6
3977 6
3979 6
3980 2
3982 3
4039 25
4040 6
4058 7
4059 9
4060 9
4070 16
4257 9
4259 8
4262 6
4263 3
4330 3
4331 6
4332 6
4333 6
4334 18
4339 12
4343 18
4346 12
4443 3
4444 6
4446 6
4449 9
4451 2
4452 4
4453 2
4454 16
4456 4
4459 4
4460 9
4461 3
4466 4
4482 1
4487 36
fn=alloc_perturb
1985 9
1987 3
fn=malloc
1326 4
1345 10
3248 4
3294 16
3301 4
3311 4
3313 8
3316 4
3318 3
3326 4
3328 8
3329 10
3354 12
fn=ptmalloc_init.part.0
1946 385
1949 381
1957 1
1958 1
1960 1
3143 2
fn=tcache_init.part.0
3242 4
3251 8
3252 3
3253 2
3261 4
3270 2
3274 3
fl=./malloc/./malloc/morecore.c
fn=__glibc_morecore
25 6
26 4
29 2
30 4
34 4
fl=./malloc/./malloc/scratch_buffer_set_array_size.c
fn=__libc_scratch_buffer_set_array_size
30 65
34 5
35 10
45 10
46 5
63 30
fl=./math/../sysdeps/x86_64/fpu/multiarch/e_asin.c
fn=__acos_finite@GLIBC_2.15
35 1
fn=__asin_finite@GLIBC_2.15
27 2
fl=./math/../sysdeps/x86_64/fpu/multiarch/e_atan2.c
fn=__atan2_finite@GLIBC_2.15
26 2
fl=./math/../sysdeps/x86_64/fpu/multiarch/e_exp.c
fn=__exp_finite@GLIBC_2.15
27 2
fl=./math/../sysdeps/x86_64/fpu/multiarch/e_exp2f.c
fn=exp2f@@GLIBC_2.27
27 2
fl=./math/../sysdeps/x86_64/fpu/multiarch/e_expf.c
fn=expf@@GLIBC_2.27
27 2
fl=./math/../sysdeps/x86_64/fpu/multiarch/e_log.c
fn=__log_finite@GLIBC_2.15
27 2
fl=./math/../sysdeps/x86_64/fpu/multiarch/e_log2.c
fn=log2@@GLIBC_2.29
27 2
fl=./math/../sysdeps/x86_64/fpu/multiarch/e_log2f.c
fn=log2f@@GLIBC_2.27
27 2
fl=./math/../sysdeps/x86_64/fpu/multiarch/e_logf.c
fn=logf@@GLIBC_2.27
27 2
fl=./math/../sysdeps/x86_64/fpu/multiarch/e_pow.c
fn=__pow_finite@GLIBC_2.15
27 2
fl=./math/../sysdeps/x86_64/fpu/multiarch/e_powf.c
fn=powf@@GLIBC_2.27
30 1
fl=./math/../sysdeps/x86_64/fpu/multiarch/ifunc-avx-fma4.h
fn=__atan2_finite@GLIBC_2.15
32 5
33 2
fn=__exp_finite@GLIBC_2.15
32 5
33 2
fn=__log_finite@GLIBC_2.15
32 5
33 2
fn=cos
32 5
33 2
fn=sin
32 5
33 2
fl=./math/../sysdeps/x86_64/fpu/multiarch/ifunc-fma.h
fn=__log1p
29 4
30 3
fn=cosf
29 4
30 3
fn=exp2f@@GLIBC_2.27
29 4
30 3
fn=expf@@GLIBC_2.27
29 4
30 3
fn=expm1
29 4
30 3
fn=log2@@GLIBC_2.29
29 4
30 3
fn=log2f@@GLIBC_2.27
29 4
30 3
fn=logf@@GLIBC_2.27
29 4
30 3
fn=powf@@GLIBC_2.27
29 4
30 4
fn=sincosf
29 4
30 3
fn=sinf
29 4
30 3
fl=./math/../sysdeps/x86_64/fpu/multiarch/ifunc-fma4.h
fn=__acos_finite@GLIBC_2.15
31 4
32 2
35 1
fn=__asin_finite@GLIBC_2.15
31 4
32 2
fn=__pow_finite@GLIBC_2.15
31 4
32 2
fn=sincos
31 4
32 2
fl=./math/../sysdeps/x86_64/fpu/multiarch/s_cosf.c
fn=cosf
26 2
fl=./math/../sysdeps/x86_64/fpu/multiarch/s_expm1.c
fn=expm1
26 2
fl=./math/../sysdeps/x86_64/fpu/multiarch/s_fma.c
fn=fma
49 6
fl=./math/../sysdeps/x86_64/fpu/multiarch/s_log1p.c
fn=__log1p
26 2
fl=./math/../sysdeps/x86_64/fpu/multiarch/s_sin.c
fn=cos
34 2
fn=sin
27 2
fl=./math/../sysdeps/x86_64/fpu/multiarch/s_sincos.c
fn=sincos
26 2
fl=./math/../sysdeps/x86_64/fpu/multiarch/s_sincosf.c
fn=sincosf
26 2
fl=./math/../sysdeps/x86_64/fpu/multiarch/s_sinf.c
fn=sinf
26 2
fl=./misc/../sysdeps/unix/syscall-template.S
fn=mprotect
117 35
122 7
fn=munmap
117 5
122 1
fl=./misc/../sysdeps/unix/sysv/linux/brk.c
fn=brk
36 2
37 4
38 4
44 2
45 2
fl=./misc/../sysdeps/unix/sysv/linux/brk_call.h
fn=brk
24 4
fl=./misc/../sysdeps/unix/sysv/linux/mmap64.c
fn=mmap
47 182
50 52
53 107
58 156
60 104
fl=./misc/../sysdeps/unix/sysv/linux/setvmaname.c
fn=__set_vma_name
33 12
35 11
40 7
47 1
49 6
fl=./misc/./misc/init-misc.c
fn=__init_misc
30 5
31 6
33 3
37 5
38 3
40 4
fl=./misc/./misc/sbrk.c
fn=sbrk
37 16
40 4
43 4
58 4
59 4
62 4
63 2
66 4
74 3
78 14
fl=./nptl/../sysdeps/nptl/futex-internal.h
fn=__pthread_once_slow
209 8
fl=./nptl/../sysdeps/unix/sysv/linux/x86/elision-conf.c
fn=__lll_elision_init
92 8
96 5
98 4
100 4
102 4
104 4
107 3
108 1
109 6
fl=./nptl/./nptl/cleanup_compat.c
fn=_pthread_cleanup_pop@@GLIBC_2.34
40 1
43 2
47 2
49 1
fn=_pthread_cleanup_push@@GLIBC_2.34
25 1
28 1
29 1
30 2
32 1
33 1
fl=./nptl/./nptl/libc-cleanup.c
fn=__libc_cleanup_pop_restore
54 2
55 2
57 4
59 2
60 6
71 2
fn=__libc_cleanup_push_defer
24 2
25 2
27 4
29 4
32 4
46 6
48 2
49 2
fl=./nptl/./nptl/pthread_mutex_conf.c
fn=__pthread_tunables_init
55 8
56 5
58 4
60 4
62 6
fl=./nptl/./nptl/pthread_mutex_lock.c
fn=pthread_mutex_lock@@GLIBC_2.2.5
44 1
45 7
46 1
77 5
80 3
82 1
84 2
88 2
97 2
108 4
112 1
115 2
124 1
130 3
131 2
179 1
182 1
184 1
187 1
190 3
fl=./nptl/./nptl/pthread_mutex_unlock.c
fn=pthread_mutex_unlock@@GLIBC_2.2.5
39 1
40 4
41 1
51 3
52 2
57 2
62 1
65 1
70 1
72 1
74 2
80 4
84 3
87 2
367 4
369 2
fl=./nptl/./nptl/pthread_once.c
fn=__pthread_once_slow
68 11
76 1
80 2
88 2
92 2
101 4
114 13
116 1
118 3
124 1
132 10
fn=pthread_once@@GLIBC_2.34
136 14
139 14
140 28
143 1
144 26
fl=./posix/../malloc/dynarray-skeleton.c
fn=__unregister_atfork
243 5
fl=./posix/../sysdeps/unix/sysv/linux/_exit.c
fn=_Exit
27 2
30 4
fl=./posix/./posix/register-atfork.c
fn=__unregister_atfork
71 10
82 30
83 20
109 20
110 15
fl=./resource/../sysdeps/unix/sysv/linux/getrlimit64.c
fn=getrlimit
38 2
39 7
40 1
fl=./setjmp/../sysdeps/x86_64/bsd-_setjmp.S
fn=_setjmp
28 1
30 1
32 1
fl=./setjmp/../sysdeps/x86_64/setjmp.S
fn=__sigsetjmp
31 14
33 14
42 14
43 28
44 14
48 14
49 14
50 14
51 14
52 14
54 28
56 14
57 14
58 14
60 28
62 14
67 1
68 1
70 13
73 13
74 13
81 13
82 13
85 1
fl=./setjmp/./setjmp/sigjmp.c
fn=__sigjmp_save
28 6
29 1
30 2
34 4
fl=./stdlib/./stdlib/cxa_atexit.c
fn=__cxa_atexit
41 24
43 96
44 24
46 24
52 36
53 12
54 12
55 12
56 12
57 48
58 12
67 84
69 72
fn=__new_exitfn
80 60
81 12
86 24
91 76
93 48
94 55
101 1
104 22
122 1
123 1
129 33
130 22
134 1
136 12
137 12
141 60
fl=./stdlib/./stdlib/cxa_finalize.c
fn=__cxa_finalize
30 50
33 35
36 35
40 196
41 132
43 22
45 11
76 11
78 33
81 44
82 33
83 44
87 33
93 35
97 30
105 10
106 20
107 40
fl=./stdlib/./stdlib/cxa_thread_atexit_impl.c
fn=__call_tls_dtors
148 5
149 4
165 4
fl=./stdlib/./stdlib/exit.c
fn=__run_exit_handlers
38 12
40 2
41 2
43 5
54 2
56 2
60 1
64 39
66 24
67 12
69 106
94 2
101 1
102 1
103 1
104 3
107 4
108 3
109 4
113 3
119 3
120 2
126 4
128 2
129 2
131 2
fn=exit
137 3
138 4
fl=./stdlib/./stdlib/getenv.c
fn=getenv
24 9
25 8
28 2
29 355
31 176
32 150
37 9
fl=./stdlib/./stdlib/secure-getenv.c
fn=secure_getenv
28 1
29 5
fl=./string/../include/rtld-malloc.h
fn=strdup
56 12
fl=./string/../string/strcspn.c
fn=strcspn
32 6
33 3
34 2
39 6
40 4
41 4
42 4
44 1
47 9
48 6
51 4
52 4
53 4
54 4
56 3
61 13
62 26
63 26
64 26
65 13
67 78
69 1
70 4
71 3
fl=./string/../sysdeps/x86/cacheinfo.c
fn=__x86_cacheinfo
86 1
fl=./string/../sysdeps/x86/cacheinfo.h
fn=__x86_cacheinfo
59 1
62 3
64 3
65 1
71 3
73 3
74 1
78 2
80 2
81 2
82 2
84 2
86 2
fl=./string/../sysdeps/x86_64/multiarch/../multiarch/memcmp-sse2.S
fn=bcmp
59 1
71 1
72 1
94 1
95 1
140 1
141 1
143 1
144 1
146 1
147 1
149 1
150 1
197 1
198 1
199 1
200 1
201 1
202 1
fl=./string/../sysdeps/x86_64/multiarch/../multiarch/memset-vec-unaligned-erms.S
fn=memset
132 12
133 60
138 12
139 12
142 5
143 5
145 1
146 1
147 1
244 4
245 4
257 4
260 4
261 4
273 4
274 4
287 4
288 4
290 4
293 3
296 6
299 93
300 93
301 93
302 93
303 93
304 93
305 93
308 4
309 4
310 4
311 4
316 4
350 7
352 7
353 7
392 7
393 7
395 7
fl=./string/../sysdeps/x86_64/multiarch/../multiarch/strchr-sse2.S
fn=index
32 28
33 28
34 28
35 28
36 28
37 28
38 28
39 28
40 28
41 28
42 28
43 28
44 28
45 28
46 28
47 28
48 28
49 28
50 23
54 23
55 23
56 23
57 23
59 23
63 5
64 5
65 5
66 5
67 5
68 5
69 5
70 5
71 5
72 5
73 5
74 5
75 5
76 5
77 5
78 5
79 5
80 5
81 5
82 5
83 5
84 5
85 5
86 5
138 5
142 5
143 5
144 5
145 5
147 5
fl=./string/../sysdeps/x86_64/multiarch/../multiarch/strcmp-sse2.S
fn=strcmp
98 2290
131 2290
132 2290
134 2290
135 2290
156 2290
157 2290
158 2131
159 2131
160 2041
161 2041
162 2041
163 2041
180 2041
181 2041
182 2041
183 2041
184 2041
185 2041
186 2041
191 22
192 66
201 271
202 271
203 271
204 271
205 271
206 271
207 271
208 271
209 194
210 84
211 84
212 84
214 194
215 194
216 194
217 194
218 194
219 194
229 77
230 77
231 77
233 77
239 77
240 77
241 77
242 77
243 77
248 77
250 70
251 70
252 140
260 70
261 70
264 70
265 70
266 70
267 70
268 70
269 70
300 7
301 7
302 7
303 7
304 7
306 7
307 7
308 7
309 7
310 7
311 7
312 7
313 7
316 7
317 7
318 7
324 7
325 7
326 14
330 9
331 9
334 9
335 9
336 9
338 9
339 9
340 9
344 9
345 9
346 9
347 9
348 9
349 9
355 2
356 2
358 2
359 2
361 2
362 2
363 2
365 2
366 2
367 2
371 2
372 2
373 2
374 2
375 2
376 2
382 2
383 2
384 2
424 1
425 1
426 1
427 1
428 1
430 1
431 1
432 1
433 1
434 1
435 1
436 1
437 1
440 1
441 1
442 1
448 1
449 1
450 2
454 1
455 1
458 1
459 1
460 1
462 1
463 1
464 1
468 1
469 1
470 1
471 1
472 1
473 1
542 2
543 2
544 2
545 2
546 2
548 2
549 2
550 2
551 2
552 2
553 2
554 2
555 2
559 2
560 2
561 2
567 2
568 2
569 4
573 2
574 2
577 2
578 2
579 2
581 2
582 2
583 2
587 2
588 2
589 2
590 2
591 2
592 2
661 4
662 4
663 4
664 4
665 4
667 4
668 4
669 4
670 4
671 4
672 4
673 4
674 3
678 3
679 3
680 3
686 3
687 3
688 6
692 4
693 4
696 4
697 4
698 4
700 4
701 4
702 4
706 4
707 4
708 4
709 4
710 4
711 4
718 1
719 1
721 1
722 1
724 1
725 1
726 1
728 1
729 1
730 1
734 1
735 1
736 1
737 1
738 1
739 1
746 1
747 1
748 1
780 4
781 4
782 4
783 4
784 4
786 4
787 4
788 4
789 4
790 4
791 4
792 4
793 3
797 3
798 3
799 3
805 3
806 3
807 6
811 3
812 3
815 3
816 3
817 3
819 3
820 3
821 3
825 3
826 3
827 3
828 3
829 3
830 3
837 1
838 1
840 1
841 1
843 1
844 1
845 1
847 1
848 1
849 1
853 1
854 1
855 1
856 1
857 1
858 1
899 3
900 3
901 3
902 3
903 3
905 3
906 3
907 3
908 3
909 3
910 3
911 3
912 2
916 2
917 2
918 2
924 2
925 2
926 4
930 2
931 2
934 2
935 2
936 2
938 2
939 2
940 2
944 2
945 2
946 2
947 2
948 2
949 2
956 1
957 1
959 1
960 1
962 1
963 1
964 1
966 1
967 1
968 1
972 1
973 1
974 1
975 1
976 1
977 1
1018 6
1019 6
1020 6
1021 6
1022 6
1024 6
1025 6
1026 6
1027 6
1028 6
1029 6
1030 6
1031 5
1035 5
1036 5
1037 5
1043 5
1044 5
1045 10
1049 6
1050 6
1053 6
1054 6
1055 6
1057 6
1058 6
1059 6
1063 6
1064 6
1065 6
1066 6
1067 6
1068 6
1075 2
1076 2
1078 2
1079 2
1081 2
1082 2
1083 2
1085 2
1086 2
1087 2
1091 2
1092 2
1093 2
1094 2
1095 2
1096 2
1103 1
1104 1
1105 1
1137 30
1138 30
1139 30
1140 30
1141 30
1143 30
1144 30
1145 30
1146 30
1147 30
1148 30
1149 30
1150 19
1154 19
1155 19
1156 19
1162 19
1163 19
1164 38
1168 19
1169 19
1172 19
1173 19
1174 19
1176 19
1177 19
1178 19
1182 19
1183 19
1184 19
1185 19
1186 19
1187 19
1256 20
1257 20
1258 20
1259 20
1260 20
1262 20
1263 20
1264 20
1265 20
1266 20
1267 20
1268 20
1269 6
1273 6
1274 6
1275 6
1281 6
1282 6
1283 12
1287 6
1288 6
1291 6
1292 6
1293 6
1295 6
1296 6
1297 6
1301 6
1302 6
1303 6
1304 6
1305 6
1306 6
1313 1
1314 1
1316 1
1317 1
1319 1
1320 1
1321 1
1323 1
1324 1
1325 1
1329 1
1330 1
1331 1
1332 1
1333 1
1334 1
1375 13
1376 13
1377 13
1378 13
1379 13
1381 13
1382 13
1383 13
1384 13
1385 13
1386 13
1387 13
1388 7
1392 7
1393 7
1394 7
1400 7
1401 7
1402 14
1406 8
1407 8
1410 8
1411 8
1412 8
1414 8
1415 8
1416 8
1420 8
1421 8
1422 8
1423 8
1424 8
1425 8
1432 2
1433 2
1435 2
1436 2
1438 2
1439 2
1440 2
1442 2
1443 2
1444 2
1448 2
1449 2
1450 2
1451 2
1452 2
1453 2
1460 1
1461 1
1462 1
1494 20
1495 20
1496 20
1497 20
1498 20
1500 20
1501 20
1502 20
1503 20
1504 20
1505 20
1506 20
1507 7
1511 7
1512 7
1513 7
1519 7
1520 7
1521 14
1525 7
1526 7
1529 7
1530 7
1531 7
1533 7
1534 7
1535 7
1539 7
1540 7
1541 7
1542 7
1543 7
1544 7
1613 26
1614 26
1615 26
1616 26
1617 26
1619 26
1620 26
1621 26
1622 26
1623 26
1624 26
1625 26
1626 6
1630 6
1631 6
1632 6
1638 6
1639 6
1640 12
1644 6
1645 6
1648 6
1649 6
1650 6
1652 6
1653 6
1654 6
1658 6
1659 6
1660 6
1661 6
1662 6
1663 6
1670 2
1671 2
1673 2
1674 2
1676 2
1677 2
1678 2
1680 2
1681 2
1682 2
1686 2
1687 2
1688 2
1689 2
1690 2
1691 2
1732 21
1733 21
1734 21
1735 21
1736 21
1738 21
1739 21
1740 21
1741 21
1742 21
1743 21
1744 21
1745 15
1749 15
1750 15
1751 15
1757 15
1758 15
1759 30
1763 15
1764 15
1767 15
1768 15
1769 15
1771 15
1772 15
1773 15
1777 15
1778 15
1779 15
1780 15
1781 15
1782 15
1789 1
1790 1
1792 1
1793 1
1795 1
1796 1
1797 1
1799 1
1800 1
1801 1
1805 1
1806 1
1807 1
1808 1
1809 1
1810 1
1851 14
1852 14
1853 14
1854 14
1855 14
1857 14
1858 14
1859 14
1860 14
1861 14
1862 14
1863 14
1864 8
1868 8
1869 8
1870 8
1876 8
1877 8
1878 16
1882 8
1883 8
1886 8
1887 8
1888 8
1890 8
1891 8
1892 8
1896 8
1897 8
1898 8
1899 8
1900 8
1901 8
1908 1
1909 1
1911 1
1912 1
1914 1
1915 1
1916 1
1918 1
1919 1
1920 1
1924 1
1925 1
1926 1
1927 1
1928 1
1929 1
1970 23
1971 23
1972 23
1973 23
1974 23
1976 23
1977 23
1978 23
1979 23
1980 23
1981 23
1982 23
1984 6
1988 6
1989 6
1990 6
1996 6
1997 6
1999 12
2003 6
2004 6
2007 6
2008 6
2009 6
2011 6
2012 6
2013 6
2017 6
2018 6
2019 6
2020 6
2021 6
2022 6
2029 1
2030 1
2032 1
2033 1
2035 1
2036 1
2037 1
2039 1
2040 1
2041 1
2045 1
2046 1
2047 1
2048 1
2049 1
2050 1
2093 167
2095 271
2096 271
2097 271
2098 271
2099 168
2104 2290
2110 2290
2111 2290
2119 2290
2120 2290
fn=strncmp
98 1
125 1
126 1
127 1
128 1
129 1
131 1
132 1
134 1
135 1
156 1
157 1
158 1
159 1
160 1
161 1
162 1
163 1
180 1
181 1
182 1
183 1
184 1
185 1
186 1
2104 1
2107 1
2108 1
2110 1
2111 1
2119 1
2120 1
fl=./string/../sysdeps/x86_64/multiarch/../multiarch/strlen-sse2.S
fn=strlen
57 30
101 30
102 30
103 30
104 30
105 30
106 30
107 30
109 30
111 30
142 29
143 29
144 29
145 29
146 29
147 15
149 15
153 14
154 14
155 14
156 14
157 14
158 14
159 14
160 14
161 14
162 14
163 14
164 14
169 112
173 1
174 14
175 6
190 1
191 1
192 2
243 1
244 1
245 1
246 1
247 1
248 1
249 1
250 1
266 1
268 1
269 14
271 1
272 1
273 1
275 1
fl=./string/../sysdeps/x86_64/multiarch/ifunc-avx2.h
fn=memrchr
38 4
40 3
41 2
42 3
45 2
46 2
49 3
52 6
fn=rindex
38 4
40 3
41 2
42 3
45 2
46 2
49 3
52 6
fn=strchrnul
38 4
40 3
41 2
42 3
45 2
46 2
49 3
52 6
fn=strlen
38 12
40 9
41 6
42 9
45 6
46 6
49 9
52 18
fn=strnlen
38 8
40 6
41 4
42 6
45 4
46 4
49 6
52 12
fl=./string/../sysdeps/x86_64/multiarch/ifunc-evex.h
fn=memchr
37 4
38 3
39 3
42 2
43 2
45 2
51 3
54 4
fl=./string/../sysdeps/x86_64/multiarch/ifunc-memcmp.h
fn=bcmp
34 10
35 4
36 4
37 6
40 4
41 4
44 6
47 8
fl=./string/../sysdeps/x86_64/multiarch/ifunc-memmove.h
fn=memcpy@@GLIBC_2.14
56 4
57 6
60 6
61 4
74 4
77 4
85 4
93 4
96 10
fn=memmove
56 2
57 3
60 3
61 2
74 2
77 2
85 2
93 2
96 5
fn=mempcpy
56 2
57 3
60 3
61 2
74 2
77 2
85 2
93 2
96 5
fl=./string/../sysdeps/x86_64/multiarch/ifunc-memset.h
fn=memset
54 5
57 3
58 2
64 2
73 2
75 2
85 2
93 2
96 5
fl=./string/../sysdeps/x86_64/multiarch/ifunc-sse4_2.h
fn=strcspn
36 5
fn=strpbrk
36 5
fn=strspn
36 5
fl=./string/../sysdeps/x86_64/multiarch/ifunc-strcasecmp.h
fn=strcasecmp
36 4
37 2
38 3
41 2
42 2
45 3
48 5
fn=strcasecmp_l
36 4
37 2
38 3
41 2
42 2
45 3
48 5
fn=strncasecmp
36 4
37 2
38 3
41 2
42 2
45 3
48 5
fn=strncasecmp_l
36 4
37 2
38 3
41 2
42 2
45 3
48 5
fl=./string/../sysdeps/x86_64/multiarch/ifunc-strcpy.h
fn=stpcpy
38 4
39 3
42 2
43 2
46 3
49 3
fn=strcat
38 4
39 3
42 2
43 2
46 3
49 3
fn=strcpy
38 4
39 3
42 2
43 2
46 3
49 3
fl=./string/../sysdeps/x86_64/multiarch/ifunc-strncpy.h
fn=stpncpy
35 5
36 3
39 2
40 2
43 3
46 4
fn=strncpy
35 5
36 3
39 2
40 2
43 3
46 4
fl=./string/../sysdeps/x86_64/multiarch/memchr.c
fn=memchr
29 2
fl=./string/../sysdeps/x86_64/multiarch/memcmp-avx2-movbe.S
fn=__memcmp_avx2_movbe
73 49
80 49
81 49
156 39
166 39
167 39
168 39
171 78
401 49
402 49
407 49
408 49
409 49
410 49
411 49
414 49
415 49
416 49
417 49
420 49
421 49
422 10
423 20
fl=./string/../sysdeps/x86_64/multiarch/memcmp.c
fn=bcmp
29 8
fl=./string/../sysdeps/x86_64/multiarch/memcmpeq.c
fn=memcpy@@GLIBC_2.14
29 2
fl=./string/../sysdeps/x86_64/multiarch/memmove-vec-unaligned-erms.S
fn=__memcpy_avx_unaligned_erms
262 2
263 2
305 2
306 2
308 1
309 1
342 1
343 1
344 1
345 1
347 1
364 1
365 1
366 1
367 1
368 1
fn=__mempcpy_avx_unaligned_erms
242 2
243 2
244 2
245 2
fn=memcpy
210 33
211 33
217 60
218 60
220 32
221 32
222 32
224 15
225 15
226 15
228 15
308 28
309 28
311 7
315 7
316 7
317 7
318 1
319 1
323 1
325 7
364 21
365 21
366 21
367 21
368 21
375 15
376 15
377 15
378 15
379 15
380 15
381 15
392 17
393 17
395 15
396 15
397 15
417 2
418 2
422 2
424 2
440 2
443 2
445 2
447 2
451 2
452 2
461 2
462 2
464 2
466 2
467 2
468 2
471 2
473 2
475 2
477 2
483 6
484 6
485 6
486 6
487 6
488 6
489 6
490 6
491 6
492 6
493 6
494 6
496 2
497 2
498 2
499 2
501 2
505 2
fn=mempcpy
197 27
198 27
199 27
200 27
fl=./string/../sysdeps/x86_64/multiarch/memmove.c
fn=memmove
29 1
fl=./string/../sysdeps/x86_64/multiarch/mempcpy.c
fn=mempcpy
33 1
fl=./string/../sysdeps/x86_64/multiarch/memrchr.c
fn=memrchr
29 3
fl=./string/../sysdeps/x86_64/multiarch/memset.c
fn=memset
29 1
fl=./string/../sysdeps/x86_64/multiarch/stpcpy.c
fn=stpcpy
33 3
fl=./string/../sysdeps/x86_64/multiarch/stpncpy.c
fn=stpncpy
31 3
fl=./string/../sysdeps/x86_64/multiarch/strcasecmp.c
fn=strcasecmp
31 3
fl=./string/../sysdeps/x86_64/multiarch/strcasecmp_l.c
fn=strcasecmp_l
31 3
fl=./string/../sysdeps/x86_64/multiarch/strcat.c
fn=strcat
29 3
fl=./string/../sysdeps/x86_64/multiarch/strchr.c
fn=index
42 4
43 2
44 3
47 2
48 2
51 3
54 3
65 3
fl=./string/../sysdeps/x86_64/multiarch/strchrnul.c
fn=strchrnul
31 3
fl=./string/../sysdeps/x86_64/multiarch/strcmp-avx2.S
fn=__strncmp_avx2
206 25
230 25
235 25
249 25
274 25
275 25
276 25
278 25
279 25
283 24
287 24
289 24
291 24
294 24
296 24
297 24
308 24
318 24
319 24
322 24
326 48
331 24
332 24
333 24
957 1
958 1
959 1
960 1
962 1
965 1
966 1
993 1
994 1
995 1
996 1
997 1
998 1
1000 1
1047 1
1048 1
1051 1
1052 1
1053 1
1056 2
1063 1
1064 1
1065 1
1066 1
1076 1
1077 1
1080 1
1081 1
1082 1
1083 1
1089 1
1091 1
1094 1
1095 1
fl=./string/../sysdeps/x86_64/multiarch/strcmp.c
fn=strcmp
47 4
48 2
49 3
52 2
53 2
56 3
59 3
79 3
fl=./string/../sysdeps/x86_64/multiarch/strcpy.c
fn=strcpy
29 3
fl=./string/../sysdeps/x86_64/multiarch/strcspn.c
fn=strcspn
29 2
fl=./string/../sysdeps/x86_64/multiarch/strlen-avx2.S
fn=__strlen_avx2
52 72
65 72
66 72
67 72
70 72
72 72
73 72
76 72
77 72
85 72
86 72
87 72
92 144
fl=./string/../sysdeps/x86_64/multiarch/strlen.c
fn=strlen
29 9
fl=./string/../sysdeps/x86_64/multiarch/strncase.c
fn=strncasecmp
31 3
fl=./string/../sysdeps/x86_64/multiarch/strncase_l.c
fn=strncasecmp_l
31 3
fl=./string/../sysdeps/x86_64/multiarch/strncmp.c
fn=strncmp
43 4
44 2
45 3
48 2
49 2
52 3
55 5
67 3
fl=./string/../sysdeps/x86_64/multiarch/strncpy.c
fn=strncpy
29 3
fl=./string/../sysdeps/x86_64/multiarch/strnlen.c
fn=strnlen
31 6
fl=./string/../sysdeps/x86_64/multiarch/strpbrk.c
fn=strpbrk
29 2
fl=./string/../sysdeps/x86_64/multiarch/strrchr-avx2.S
fn=__strrchr_avx2
53 1
54 1
55 1
57 1
58 1
62 1
63 1
64 1
67 1
69 1
70 1
71 1
72 1
75 1
76 1
78 1
79 1
80 1
81 1
82 1
91 2
fl=./string/../sysdeps/x86_64/multiarch/strrchr.c
fn=rindex
28 3
fl=./string/../sysdeps/x86_64/multiarch/strspn.c
fn=strspn
29 2
fl=./string/./string/strdup.c
fn=strdup
40 36
41 12
44 12
47 24
48 18
fl=./wcsmbs/../sysdeps/x86_64/multiarch/ifunc-avx2.h
fn=wcschr
38 8
40 6
41 4
42 6
45 4
46 4
49 6
52 12
fn=wcscmp
38 4
40 3
41 2
42 3
45 2
46 2
49 3
52 6
fl=./wcsmbs/../sysdeps/x86_64/multiarch/ifunc-evex.h
fn=wmemchr
37 8
38 6
39 6
42 4
43 4
45 4
51 6
54 8
fl=./wcsmbs/../sysdeps/x86_64/multiarch/ifunc-memcmp.h
fn=wmemcmp
34 5
35 2
36 2
37 3
40 2
41 2
44 3
47 4
fl=./wcsmbs/../sysdeps/x86_64/multiarch/ifunc-wcs.h
fn=wcpncpy
39 4
40 3
41 3
44 2
45 3
48 4
fn=wcscat
39 4
40 3
41 3
44 2
45 3
48 4
fn=wcsncpy
39 4
40 3
41 3
44 2
45 3
48 4
fl=./wcsmbs/../sysdeps/x86_64/multiarch/ifunc-wcslen.h
fn=wcslen
40 4
41 2
42 3
45 2
46 2
49 3
52 3
fn=wcsnlen
40 4
41 2
42 3
45 2
46 2
49 3
52 3
fl=./wcsmbs/../sysdeps/x86_64/multiarch/ifunc-wmemset.h
fn=wmemset
36 10
37 6
fl=./wcsmbs/../sysdeps/x86_64/multiarch/wcpcpy.c
fn=wcpncpy
31 1
fl=./wcsmbs/../sysdeps/x86_64/multiarch/wcpncpy.c
fn=wcpncpy
31 1
fl=./wcsmbs/../sysdeps/x86_64/multiarch/wcscat.c
fn=wcscat
31 2
fn=wcschr
31 2
fl=./wcsmbs/../sysdeps/x86_64/multiarch/wcschr.c
fn=wcschr
31 4
fl=./wcsmbs/../sysdeps/x86_64/multiarch/wcscmp.c
fn=wcscmp
30 3
fl=./wcsmbs/../sysdeps/x86_64/multiarch/wcscpy.c
fn=wcscpy
42 4
43 2
44 3
46 2
47 3
50 3
60 2
fl=./wcsmbs/../sysdeps/x86_64/multiarch/wcslen.c
fn=wcslen
29 3
fl=./wcsmbs/../sysdeps/x86_64/multiarch/wcsncpy.c
fn=wcsncpy
31 2
fl=./wcsmbs/../sysdeps/x86_64/multiarch/wcsnlen.c
fn=wcsnlen
30 3
fl=./wcsmbs/../sysdeps/x86_64/multiarch/wmemchr.c
fn=wmemchr
31 4
fl=./wcsmbs/../sysdeps/x86_64/multiarch/wmemcmp.c
fn=wmemcmp
29 4
fl=./wcsmbs/../sysdeps/x86_64/multiarch/wmemset.c
fn=wmemset
31 4
fl=./wcsmbs/./wcsmbs/btowc.c
fn=btowc
32 2560
37 1792
42 512
46 384
47 256
48 256
52 512
55 1152
94 1792
fl=./wcsmbs/./wcsmbs/wctob.c
fn=wctob
30 1280
39 384
44 256
45 128
79 1152
fl=./wcsmbs/./wcsmbsload.h
fn=btowc
69 128
70 384
fl=./wctype/./wctype/wctype_l.c
fn=wctype_l
26 110
29 20
32 30
33 68
35 174
37 410
40 48
41 96
45 20
46 10
47 80
fl=???
fn=(below main)
0 12
fn=???
0 3387
fn=__cpu_indicator_init
0 367
fn=__cxa_get_globals
0 16
fn=__gnu_cxx::stdio_sync_filebuf<char, std::char_traits<char> >::sync()
0 15
fn=__gnu_cxx::stdio_sync_filebuf<char, std::char_traits<char> >::xsputn(char const*, long)
0 18
fn=__gnu_cxx::stdio_sync_filebuf<wchar_t, std::char_traits<wchar_t> >::sync()
0 15
fn=main
0 37
fn=std::__cxx11::messages<char>::messages(unsigned long)
0 21
fn=std::__cxx11::messages<wchar_t>::messages(unsigned long)
0 21
fn=std::__cxx11::moneypunct<char, false>::_M_initialize_moneypunct(__locale_struct*, char const*)
0 114
fn=std::__cxx11::moneypunct<char, true>::_M_initialize_moneypunct(__locale_struct*, char const*)
0 115
fn=std::__cxx11::moneypunct<wchar_t, false>::_M_initialize_moneypunct(__locale_struct*, char const*)
0 109
fn=std::__cxx11::moneypunct<wchar_t, true>::_M_initialize_moneypunct(__locale_struct*, char const*)
0 109
fn=std::__cxx11::numpunct<char>::_M_initialize_numpunct(__locale_struct*)
0 417
fn=std::__cxx11::numpunct<wchar_t>::_M_initialize_numpunct(__locale_struct*)
0 353
fn=std::__timepunct<char>::_M_initialize_timepunct(__locale_struct*)
0 132
fn=std::__timepunct<char>::__timepunct(std::__timepunct_cache<char>*, unsigned long)
0 24
fn=std::__timepunct<wchar_t>::_M_initialize_timepunct(__locale_struct*)
0 129
fn=std::__timepunct<wchar_t>::__timepunct(std::__timepunct_cache<wchar_t>*, unsigned long)
0 24
fn=std::basic_ios<char, std::char_traits<char> >::_M_cache_locale(std::locale const&)
0 128
fn=std::basic_ios<char, std::char_traits<char> >::init(std::basic_streambuf<char, std::char_traits<char> >*)
0 96
fn=std::basic_ios<wchar_t, std::char_traits<wchar_t> >::_M_cache_locale(std::locale const&)
0 128
fn=std::basic_ios<wchar_t, std::char_traits<wchar_t> >::init(std::basic_streambuf<wchar_t, std::char_traits<wchar_t> >*)
0 96
fn=std::basic_ostream<char, std::char_traits<char> >& std::__ostream_insert<char, std::char_traits<char> >(std::basic_ostream<char, std::char_traits<char> >&, char const*, long)
0 171
fn=std::basic_ostream<char, std::char_traits<char> >& std::operator<< <std::char_traits<char> >(std::basic_ostream<char, std::char_traits<char> >&, char const*)
0 60
fn=std::basic_ostream<wchar_t, std::char_traits<wchar_t> >::flush()
0 174
fn=std::basic_ostream<wchar_t, std::char_traits<wchar_t> >::sentry::sentry(std::basic_ostream<wchar_t, std::char_traits<wchar_t> >&)
0 97
fn=std::codecvt<char, char, __mbstate_t>::codecvt(unsigned long)
0 19
fn=std::codecvt<wchar_t, char, __mbstate_t>::codecvt(unsigned long)
0 19
fn=std::ctype<char>::ctype(unsigned short const*, bool, unsigned long)
0 121
fn=std::ctype<wchar_t>::_M_convert_to_wmask(unsigned short) const
0 146
fn=std::ctype<wchar_t>::_M_initialize_ctype()
0 2736
fn=std::ctype<wchar_t>::ctype(unsigned long)
0 21
fn=std::error_category::error_category()
0 10
fn=std::error_category::~error_category()
0 4
fn=std::future_category()
0 3
fn=std::ios_base::Init::Init()
0 272
fn=std::ios_base::Init::~Init()
0 26
fn=std::ios_base::_M_init()
0 224
fn=std::ios_base::ios_base()
0 480
fn=std::locale::_Impl::_Impl(unsigned long)
0 673
fn=std::locale::_Impl::_M_install_facet(std::locale::id const*, std::locale::facet const*)
0 12192
fn=std::locale::facet::_S_create_c_locale(__locale_struct*&, char const*, __locale_struct*)
0 14
fn=std::locale::facet::_S_get_c_locale()
0 210
fn=std::locale::facet::_S_get_c_name()
0 21
fn=std::locale::id::_M_id() const
0 948
fn=std::locale::locale()
0 484
fn=std::locale::locale(std::locale::_Impl*)
0 3
fn=std::locale::operator=(std::locale const&)
0 184
fn=std::locale::~locale()
0 96
fn=std::messages<char>::messages(unsigned long)
0 21
fn=std::messages<wchar_t>::messages(unsigned long)
0 21
fn=std::moneypunct<char, false>::_M_initialize_moneypunct(__locale_struct*, char const*)
0 114
fn=std::moneypunct<char, true>::_M_initialize_moneypunct(__locale_struct*, char const*)
0 115
fn=std::moneypunct<wchar_t, false>::_M_initialize_moneypunct(__locale_struct*, char const*)
0 109
fn=std::moneypunct<wchar_t, true>::_M_initialize_moneypunct(__locale_struct*, char const*)
0 109
fn=std::numpunct<char>::_M_initialize_numpunct(__locale_struct*)
0 417
fn=std::numpunct<wchar_t>::_M_initialize_numpunct(__locale_struct*)
0 353
fn=std::ostream::flush()
0 174
fn=std::ostream::sentry::sentry(std::ostream&)
0 163
fn=std::uncaught_exception()
0 18
summary: 1925083
